Molecule		n_qubits		n_electrons		Hartree-Fock		Exact                   CCSD
LI2             20              6               -14.6370290914181   -14.6666388930832277    -14.66655766883486
BEH2            14              6               -15.5603123428118   -15.5951768689230708    -15.59478311558746
BE              10              4               -14.3518804762020   -14.4036551080676780    -14.40365075175285

LIH_120         12              4               -7.83561582555692   -7.8524308531959184     -7.852424367912315
LIH_134         12              4               -7.85619244370866   -7.8736269871761655     -7.873619264704244
LIH_144         12              4               -7.86226689183345   -7.8805742818026756     -7.880565552937625
LIH_164         12              4               -7.86031308550685   -7.8814587347316616     -7.881447660927777
LIH_174         12              4               -7.85454441654368   -7.8776721965756806     -7.877659678537667
LIH_184         12              4               -7.84663994405421   -7.8721446298836302     -7.872130387058998
LIH_200         12              4               -7.83090558463707   -7.8610877724814987     -7.861069925431224
LIH_220         12              4               -7.80799436927297   -7.8456836231971856     -7.845659248262293
LIH     		12      		4          		-7.8631051703794	-7.8827622010083536     -7.882752274744668


NH3     		16      		10         		-55.4512841321621	-55.5282282288565128    -55.52797423609385
C2      		20      		12         		-74.4208597433128	-74.6907819190908668    -74.67446067281925
H2O_2   		26      		10         		-75.9839420653895	-76.1223672648064138
H2O     		14      		10         		-74.9625475932868	-75.0232914998368443    -75.02314191008794
CO2_116         30              22              -185.0646956822218  -185.276124949791778    -185.2558844174383
CO2             30              22              -184.515800477352   -184.892795318116242

H2_2    		4       		2          		-0.783792654277353	-0.9486411121761857     
H2_054          4               2               -1.07310309277679   -1.0863863728698662     -1.086386413896741
H2_059          4               2               -1.09763171299656   -1.1124603040961527     -1.112460368857182
H2_064          4               2               -1.11129819406478   -1.1278421329637460     -1.127842233783350
H2_068          4               2               -1.11637069975397   -1.1344157590862751     -1.134415859240115
H2_078          4               2               -1.11338782445513   -1.1357266966302220     -1.135726921954722
H2_084          4               2               -1.10438068719335   -1.1297025558704257     -1.129702829857530
H2_095          4               2               -1.07963692821037   -1.1113394177361502     -1.111339417742934
H2_105          4               2               -1.05165675564683   -1.0903421765127623     -1.090342176537082
H2      		4       		2          		-1.11704162813815	-1.1373054123178581     -1.137305568687913

N2_080          20              14              -106.680802456646   -106.766307915623812    -106.7651747506391
N2_090          20              14              -107.187190301040   -107.293075768509623    -107.2913740368769
N2_100          20              14              -107.419532451682   -107.549300957908229    -107.5467229241044
N2_110          20              14              -107.496500511797   -107.654122447524301    -107.6501974087427
N2_140     		20      		14         		-107.357815445291	-107.623174178066747    -107.6116438591137
N2_160          20              14              -107.184846460802   -107.542085765915402    -107.5293516017669
N2_180          20              14              -107.017326907299   -107.483457350613179    -107.5029893803899
N2_200          20              14              -106.871504045608   -107.455155597710515    -107.5569844090029
N2      		20      		14         		-107.491191080281	-107.677371195794791    -107.6716992105486


C               10              6               -37.0895866394329   -37.2187335506355055    -37.14122214761091
B               10              5               -24.1489885988536   -24.1892649171005019    -24.18925814604059

# Thomas
# Molecule n_qubits n_electrons Hartree FCI CCSD
H2      4  2  -1.0661086493179370 -1.1011503302326191 -1.1011503302444794
F2      20 18 -195.6380414586451764 -195.6610863183075253 -195.6610863231110784
HCl     20 18 -455.1359682929376049 -455.1561885225192441 -455.1561885440218020
LiH     12 4  -7.7673621357485567 -7.7844602800312268 -7.7844548259108182
H2O     14 10 -74.9644475827700063 -75.0155301894916136 -75.0154089992356035
CH2     14 8 -37.3753800444692388 -37.5044347182279267 -37.4157036201734599
O2      20 16 -147.5513317948941960 -147.7502345936023289 -147.7027474696617446
BeH2    14 6  -14.4432411484893564 -14.4729474156012046 -14.4727126815932365
H2S     22 18 -394.3113797496120014 -394.3546234515989681 -394.3545557349212913
NH3     16 10 -55.4547926450428577 -55.5211498325971888 -55.5209315426717609
N2      20 14 -107.4989675445838202 -107.6602064200546351 -107.6560799983298153
CH4     18 10 -39.7265817118519777 -39.8062592491501448 -39.8060219425250850
C2      20 12 -74.4208597433128460 -74.6907819190702895 -74.6744606729010627
LiF     20 12 -105.1137095378049224 -105.1661720582638253 -105.1592348490404447
PH3     24 18 -338.6341140342505014 -338.6983999454859031 -338.6981648216360554
LiCl    28 20 -460.8272583068666108 -460.8496181759743422 -460.8475794396237006
Li2O    30 14 -87.7955672142275887 -87.8926932462798050 -87.8855141849657855
C2H4O   38 24 -150.9276087438679497 xxx -151.1204738831108898
C3H6    42 24 -115.6579416717447799 xxx -115.8851227704561637
C2H4O2  48 32 -224.8054009954095989 xxx -225.0508962191899514
H2O4S   62 50 -689.2626565862376538 xxx -689.4984100749247773
CNa2O3  76 52 -575.0161029166816888 xxx -575.2998100229960983
C6H6_sto3g 60 42 -227.8905255477283731 xxx -228.3162486943108718
C6H6_631g 120 42 -230.6231714780156494 xxx -231.1906312449072800

# Fe(C5H5)2 cc-pvtz-dk 508 orbits select 15 most important orbits CAS(18,15) CASCI
# Fe(C5H5)2 30 18 -1655.96132600124
eclipsed  30 18 -1655.9003040106975
staggered 30 18 -1655.9096022231195
fenton 52 46 -1802.5635246044608
fe96 96 64 -1655.90883215502
Fe2S2 56 46(28+18) -5068.322446188623
C6H6_32 32 14 -230.822705994551

1 0.0   -1802.51122205573
2 2.371955  -1802.51029496074
3 4.287537   -1802.50584713710
4 6.366722   -1802.48170977650
5 8.168359   -1802.46163550657
6 10.176215   -1802.44263917760
7 11.178753   -1802.40559409821
8 14.192211   -1802.37963318943                                                                                                      
9 16.188559   -1802.38225041580
10 17.283115   -1802.38158600900

# BeH2 STO-3G PES
0.8 14 6 -15.1459992618748700 -15.1728054088426205 -15.1724842769015602
0.9 14 6 -15.3384554842334957 -15.3641509370919600 -15.3638630077638503
1.0 14 6 -15.4556677731028209 -15.4817410695075850 -15.4814634810561760
1.1 14 6 -15.5219991273738813 -15.5496381695117591 -15.5493505898264956
1.2 14 6 -15.5535864757066626 -15.5838120488454877 -15.5834934012910118
1.3 14 6 -15.5612780323080315 -15.5950470809343997 -15.5946728446158218
1.4 14 6 -15.5524598103708556 -15.5907433454880895 -15.5902823181884767
1.5 14 6 -15.5322133270511387 -15.5760512452319162 -15.5754614028611904
1.6 14 6 -15.5040855166709601 -15.5546236900745054 -15.5538451533630351
1.7 14 6 -15.4706058315451980 -15.5291213377311816 -15.5280680107964475
1.8 14 6 -15.4336258626537912 -15.5015450863934028 -15.5000925140531418
1.9 14 6 -15.3945381153516294 -15.4734514191677270 -15.4714226844692408
2.0 14 6 -15.3544173325708719 -15.4460937404430112 -15.4432475467425512
2.1 14 6 -15.3141132516355967 -15.4205185511680192 -15.4165562230625550
2.2 14 6 -15.2743118501038460 -15.3976299315583844 -15.3922609895510387
2.3 14 6 -15.2355752049445581 -15.3782135436486822 -15.3713560407036223
2.4 14 6 -15.1983669652083666 -15.3628743125918010 -15.3550017388524989

# ccpvtz 56bit H2
0.4 56 2 -0.9395744738791239 -0.9767979708260635 -0.9767979713168523
0.5 56 2 -1.0633067708609276 -1.1008696851765245 -1.1008696759255896
0.6 56 2 -1.1154096836532148 -1.1535179376633209 -1.1535179245440257
0.7 56 2 -1.1320756654820894 -1.1710146016708509 -1.1710145755557431
0.8 56 2 -1.1302924423962410 -1.1704062647112565 -1.1704062131738766
0.9 56 2 -1.1187270761285804 -1.1604128099839863 -1.1604128141157064
1.1 56 2 -1.0829344738335553 -1.1291199069034850 -1.1291198831603591
1.3 56 2 -1.0427622122151949 -1.0955490554955314 -1.0955490578612574
1.5 56 2 -1.0043041900286689 -1.0661683663556112 -1.0661683692942918
1.8 56 2 -0.9537315591789487 -1.0340801603534548 -1.0340801589146669
2.1 56 2 -0.9123420783880842 -1.0155612573517327 -1.0155612585675464

# aug-cc-pvtz 92bit H2
H2 0.4 92 2 -0.9398710426579986 -0.9771724867817828 -0.9771724638068188
H2 0.5 92 2 -1.0634309791978882 -1.1011115543286703 -1.1011115316985791
H2 0.6 92 2 -1.1154862370313587 -1.1537619572914493 -1.1537619585027770
H2 0.7 92 2 -1.1321416055260625 -1.1712946512994900 -1.1712946503382151
H2 0.8 92 2 -1.1303626157500719 -1.1707361181473286 -1.1707361100792175
H2 0.9 92 2 -1.1188113257465562 -1.1608213634439155 -1.1608213430311496
H2 1.1 92 2 -1.0830696714268839 -1.1297329668750460 -1.1297329643961880
H2 1.3 92 2 -1.0429774001331316 -1.0963805711384285 -1.0963805774441608
H2 1.5 92 2 -1.0046513320239860 -1.0671937645762122 -1.0671937769750486
H2 1.8 92 2 -0.9543980345998909 -1.0351965144527004 -1.0351965173343678
H2 2.1 92 2 -0.9134399904404698 -1.0164931440695664 -1.0164931460781683
H2 2.1

h2_sto3g_0.4        4 2 -0.9043613941635398 -0.9141497227610478
h2_631g_0.4         8 2 -0.9330042006107702 -0.9506786531993088
h2_631++g_0.4      12 2 -0.9330819610706227 -0.9509836370414946
h2_augccpvdz_0.4   36 2 -0.9162086866921761 -0.9460038124338613
h2_ccpvtz_0.4      56 2 -0.9395744738791212 -0.9767979713168495
h2_augccpvtz_0.4   92 2 -0.9398710426579986 -0.9771724867817828 -0.9771724638068188

# H6 strong system for present test
h6_2.5 2.5 12 6 -2.1167850626689688 -2.8084274006364125


h2_6311g_0.4 12 2 -0.9373618244768114 -0.9586984411031145 -0.9586984363018488
h2_6311++g   16 2 -0.9374556747313103 -0.9588367345714843 -0.9588367309711235
h2_6311++g*  16 2 -0.9374556747313085 -0.9588367345714799 -0.9588367309711217
h2_6311++gxx 28 2 -0.9381896746953622 -0.9716686925646956 -0.9716686931089544
h2_6311++gss 28 2 -0.9381896746953640 -0.9716686925646951 -0.9716686931089563
h2_6311+gss  24 2 -0.9380782126253102 -0.9715496751241499 -0.9715496763010734

N2_0.75 20 14 -106.2662306224088979 -106.3425553471274156 -106.3416321007939871
N2_0.9  20 14 -107.1871903010401468 -107.2930757685083165 -107.2913740364189579
N2_1.05 20 14 -107.4722173006063173 -107.6154033016312184 -107.6122215031503799
N2_1.2  20 14 -107.4877839280462837 -107.6773397492121518 -107.6714390961864325
N2_1.35 20 14 -107.3976320996901563 -107.6425732561448569 -107.6325374412541294
N2_1.5  20 14 -107.2724485012060853 -107.5816349222069874 -107.5678592938950118
N2_1.65 20 14 -107.1415321452246303 -107.5244632767408604 -107.5148453412108722
N2_1.8  20 14 -107.0173269072992497 -107.4834573506479529 -107.5029893862479327
N2_1.95 20 14 -106.9055440753003694 -107.4599585142599523 -107.5410698796855939
N2_2.1  20 14 -106.8084114758007672 -107.4486324230697107 -107.5843703448557136
N2_2.25 20 14 -106.7258736702220148 -107.4436147873845613 -107.1937619777190633

# C2 STO-3G
0.75 20 12 -73.1329919866288236 -73.3494483160923920 -73.3399809198942734
0.9 20 12 -73.9824004642452877 -74.2232140967645648 -74.2126783337074585
1.05 20 12 -74.3255461789570546 -74.5771528748694124 -74.5647820627576721
1.16 20 12 -74.4098458161223988 -74.6702972819795434 -74.6560474935503748
1.2 20 12 -74.4198427340803761 -74.6839267083438614 -74.6688881203006929
1.26 20 12 -74.4208597433128745 -74.6907819190998055 -74.6744606734341403
1.35 20 12 -74.4005263746470433 -74.6799831831971801 -74.6615510811682270
1.5 20 12 -74.3356999287875055 -74.6328636167017976 -74.6108439277208788
1.65 20 12 -74.3787505131242170 -74.5755567251651996 -74.5501657862429994
1.8 20 12 -74.3232262518210689 -74.5455996987412561 -74.5229784404162103
1.95 20 12 -74.2626801442729629 -74.5023743627354236 -74.4948614133038376
2.1 20 12 -74.2022459669802998 -74.4789231932414566 -74.4725474191739210
2.25 20 12 -74.1450419330228385 -74.4625673471087310 -74.4606844501508363


Be2 20 8 -7.7514617339287923 -7.8551632802543594 -7.8023185309183560
He2 4  4 -5.6150132497487864 -5.6150132497487881 -5.6150132497487864
Ne2 20 20 -253.2083148941694617 -253.2083148941694617 -253.2083148941694617
LiH_2 22 4 -7.8713555871857279 -7.8913737457988740 -7.8913604431350066
co2_1197 30 22 -185.0680310765911258 -185.2925660467104194 -185.26927762028304877
h4_nao 8 4 -2.2152144789125545 -2.2559649580454852 -2.2559344399624952
h12 24 12 -6.6092704396567807 -6.7312415950542235 -6.7310343219506201
h12_nao 24 12 -6.6092704396567843 -6.7312415950542164 -6.7310343219506237
h12_eq_nao 24 12 -4.2379720670203689 -5.6171273096464809 -5.6459118118746581

# sto-3g
he_26.0 4 4 -5.6155679150799491 -5.6155679150799491 -5.6155679150799491
he_16.0 4 4 -5.6155679150799473 -5.6155679150799482 -5.6155679150799473
he_8.0 4 4 -5.6155679150799465 -5.6155679150799473 -5.6155679150799465
he_6.0 4 4 -5.6155679150799482 -5.6155679150799491 -5.6155679150799482
he_5.0 4 4 -5.6155679150796161 -5.6155679150796152 -5.6155679150796161
he_4.0 4 4 -5.6155679107650833 -5.6155679107650833 -5.6155679107650833
he_3.4 4 4 -5.6155674970765430 -5.6155674970765412 -5.6155674970765430
he_3.0 4 4 -5.6155619176571534 -5.6155619176571516 -5.6155619176571534
he_2 4 4 -5.6138071690027065 -5.6138071690027065 -5.6138071690027065
he_1.8 4 4 -5.6108391795683374 -5.6108391795683374 -5.6108391795683374
he_1.6 4 4 -5.6033047237345484 -5.6033047237345492 -5.6033047237345484
he_1.4 4 4 -5.5846498863800553 -5.5846498863800553 -5.5846498863800553
he_1.0 4 4 -5.4330205011538801 -5.4330205011538801 -5.4330205011538801
he_0.8 4 4 -5.1805094299628625 -5.1805094299628616 -5.1805094299628625
he_0.6 4 4 -4.5607259168532037 -4.5607259168532055 -4.5607259168532037
he_0.2 4 4 2.9245505337564026 2.9245505337564115 2.9245505337564026

ne_0.2 20 20 -122.7695638534393652 -122.7695638534077034 -122.7695638534278260
ne_0.3 20 20 -180.6824634185654759 -180.6824634185705918 -180.6824634185671243
ne_0.4 20 20 -213.7033430137330754 -213.7033430137386461 -213.7033430137348944
ne_0.5 20 20 -232.2687228362880774 -232.2687228362877363 -232.2687228362876226
ne_0.6 20 20 -241.2865185381679112 -241.2865185381679112 -241.2865185381679112
ne_0.75 20 20 -247.7701658879460069 -247.7701658879458932 -247.7701658879459501
ne_0.8 20 20 -248.9908450094669661 -248.9908450094671934 -248.9908450094669661
ne_0.9 20 20 -250.6587512227025627 -250.6587512227027332 -250.6587512227025627
ne_1.0 20 20 -251.6640414816231157 -251.6640414816233431 -251.6640414816231157
ne_1.2 20 20 -252.6516304392739869 -252.6516304392740437 -252.6516304392739869
ne_1.6 20 20 -253.1488868203471725 -253.1488868203466609 -253.1488868203471725 
ne_2.0 20 20 -253.2048758248023148 -253.2048758248024285 -253.2048758248023148
ne_2.4 20 20 -253.2088872844427954 -253.2088872844426817 -253.2088872844427954
ne_2.8 20 20 -253.2090465533590873 -253.2090465533591441 -253.2090465533590873
ne_3.6 20 20 -253.2090499934325578 -253.2090499934326147 -253.2090499934325578
ne_6.8 20 20 -253.2090499936097956 -253.2090499936097956 -253.2090499936097956 

# 6-31g
he2_0.2 8 4 -0.2850618343503832 -0.3435719430008959 -0.3429660252064158
he2_0.4 8 4 -4.0143247241155056 -4.0435388637516319 -4.0435311034985562
he2_0.8 8 4 -5.3599903435532550 -5.3914318839916895 -5.3914217647239164
he2_1.2 8 4 -5.6400247646266184 -5.6692044303926465 -5.6691981263992099
he2_1.6 8 4 -5.6977060015044616 -5.7271909217033317 -5.7271851695185303
he2_2.0 8 4 -5.7082478789454640 -5.7381126261220725 -5.7381103607638630
he2_2.4 8 4 -5.7100425823392387 -5.7400292474747419 -5.7400286285500766
he2_2.6 8 4 -5.7102366447273001 -5.7402370627817678 -5.7402367777830774
he2_2.8 8 4 -5.7103016184099449 -5.7403055360748088 -5.7403054165468301
he2_3.0 8 4 -5.7103191944111718 -5.7403233752917222 -5.7403233317610614
he2_3.2 8 4 -5.7103221370012331 -5.7403259856648994 -5.7403259744496395
he2_4.2 8 4 -5.7103208628900344 -5.7403242893821123 -5.7403242791511593
he2_5.0 8 4 -5.7103208523217486 -5.7403242778154366 -5.7403242676036426
he2_5.2 8 4 -5.7103208523107307 -5.7403242778036043 -5.7403242675918289
he2_5.4 8 4 -5.7103208523091302 -5.7403242778018937 -5.7403242675900978
he2_5.6 8 4 -5.7103208523089233 -5.7403242778016708 -5.7403242675899087
he2_6.0 8 4 -5.7103208523088922 -5.7403242778016361 -5.7403242675898651
he2_10  8 4 -5.7103208523088922 -5.7403242778016406 -5.7403242676125066

# 6-31g + freeze
he2_1.6 4 2 -5.6977060015044643 -5.702701683894802 -5.702701683894802
he2_1.8 4 2 -5.7051426236613771 -5.709812291239169 -5.709812291239169
he2_1.9 4 2 -5.7070312192514594 -5.711532528887739 -5.711532528887739
he2_2.0 4 2 -5.7082478789454631 -5.712589717785218 -5.712589717785218
he2_2.1 4 2 -5.7090291626713476 -5.713224505804082 -5.713224505804082
he2_2.2 4 2 -5.7095283573349720 -5.7135918414827565 -5.7135918414827565
he2_2.3 4 2 -5.7098446956620430 -5.713791212563397 -5.713791212563397
he2_2.4 4 2 -5.7100425823392404 -5.713886518518173 -5.713886518518173
he2_2.5 4 2 -5.7101640397078377 -5.713918888920269 -5.713918888920269
he2_2.6 4 2 -5.7102366447273019 -5.713914821572064 -5.713914821572064
he2_2.7 4 2 -5.7102785419246160 -5.713891301824624 -5.713891301824624
he2_2.8 4 2 -5.7103016184099449 -5.713859036461135 -5.713859036461135
he2_2.9 4 2 -5.7103135549269046 -5.713824541109721 -5.713824541109721
he2_3.0 4 2 -5.7103191944111726 -5.713791534223384 -5.713791534223384
he2_3.1 4 2 -5.7103214844327619 -5.713761898732131 -5.713761898732131
he2_3.2 4 2 -5.7103221370012331 -5.713736356528046 -5.713736356528046
he2_3.6 4 2 -5.7103212743825029 -5.713671324436621 -5.713671324436621
he2_3.9 4 2 -5.7103209321194868 -5.713647991636446 -5.713647991636446

# "ccpvtz"
# aug-cc-pvtz
he2_1.0 -5.654624664842731
he2_1.6 -5.789564783030359
he2_2.0 -5.799379965812791
he2_2.4 -5.8010042126929342
he2_2.8 -5.8012131086896659
he2_2.9 -5.8012206998566320
he2_3.0 -5.8012233884583067
he2_3.1 -5.8012234910502301
he2_3.2 -5.8012222685026238
he2_3.3 -5.8012203803815563
he2_3.4 -5.8012181747366549
he2_3.6 -5.801213545089857
he2_4.0 -5.8012059190479510
he2_4.4 -5.8012015315689247
he2_4.8 -5.8011991952910789
he2_5.2 -5.8011978634260073
he2_6.0 -5.8011966185902892
he2_8.0 -5.8011959636836066
he2_12.0 -5.8011958570375413

# H10 sto-6g
0.64 20 10 -4.7065874948960591 -4.7957024546839335 -4.7949220959764549
0.74 20 10 -5.0965095726131988 -5.2028264006211860 -5.2017535369433565
0.84 20 10 -5.2514596259528012 -5.3780520752860532 -5.3766368279182526
0.94 20 10 -5.2736095715721589 -5.4244811095392969 -5.4226915004588436
1.04 20 10 -5.2190152007958215 -5.3991712908864642 -5.3970466967834101
1.14 20 10 -5.1200569307027557 -5.3355196786174108 -5.3332984857781964
1.24 20 10 -4.9961753921621632 -5.2538973274983451 -5.2523023969098102
1.44 20 10 -4.7177215146842313 -5.0831506475586457 -5.0921783964536225
1.64 20 10 -4.4381151113452049 -4.9410188514242481 -5.0049347501538932
1.84 20 10 -4.1814925267662684 -4.8421194523326108 -4.8693027391473720
